#"#" indicates a comment.
#KIND, COLOR, X0, Y0, X1, Y1, ...

#### mustache man ####

start, white, 0, 0, 15, 15
end, green, 90, 90, 100, 100

#head
oval, #ffd699, 10, 5, 90, 95

#ears
polygon, #ffcc80, 90, 50, 90, 45, 92, 45, 95, 50, 95, 55, 90, 54
polygon, #ffcc80, 10, 50, 10, 45, 8, 45, 5, 50, 5, 55, 10, 54

#hair
#Maybe later

#eyeballs
oval, white, 20, 30, 40, 40
oval, white, 60, 30, 80, 40

#iris'
oval, #663d00, 27, 32, 33, 38
oval, #663d00, 67, 32, 73, 38

#pupils
oval, #000000, 29, 34, 31, 36
oval, #000000, 69, 34, 71, 36

#nose
polygon, #ffc266, 50, 40, 60, 50, 50, 50

#mouth
line, red, 29, 70, 35, 75, 50, 80, 65, 75, 71, 70

#mustache
#rectangle, #1a0f00, 30, 58, 70, 65
line, #1a0f00, 30, 65, 31, 58, 31, 58, 32, 65, 32, 65, 33, 58, 33, 58, 34, 65
line, #1a0f00, 34, 65, 35, 58, 35, 58, 36, 65, 36, 65, 37, 58, 37, 58, 38, 65
line, #1a0f00, 38, 65, 39, 58, 39, 58, 40, 65, 40, 65, 41, 58, 41, 58, 42, 65
line, #1a0f00, 42, 65, 43, 58, 43, 58, 44, 65, 44, 65, 45, 58, 45, 58, 46, 65
line, #1a0f00, 46, 65, 47, 58, 47, 58, 48, 65, 48, 65, 49, 58, 49, 58, 50, 65
line, #1a0f00, 50, 65, 51, 58, 51, 58, 52, 65, 52, 65, 53, 58, 53, 58, 54, 65
line, #1a0f00, 54, 65, 55, 58, 55, 58, 56, 65, 56, 65, 57, 58, 57, 58, 58, 65
line, #1a0f00, 58, 65, 59, 58, 59, 58, 60, 65, 60, 65, 61, 58, 61, 58, 62, 65
line, #1a0f00, 62, 65, 63, 58, 63, 58, 64, 65, 64, 65, 65, 58, 65, 58, 66, 65
line, #1a0f00, 66, 65, 67, 58, 67, 58, 68, 65, 68, 65, 69, 58, 69, 58, 70, 65


